package edu.neu.csye6200;

public class Driver {

	public static void main(String[] args) {
        Library.demo();
	}
}
    /*** Console Output of Library.demo():
edu.neu.csye6200.Library.demo()...
Sort inventory by item TITLE.
"2,CD,Born Free,Sam Jones,Non-Fiction,212-217237713-7,11.49"
"3,DVD,Java Easy,Adam Peterson,Science,212-217237711-7,7.49"
"1,BOOK,My Chosen Career,Daniel Peters,Non-Fiction,212-217237718-7,2.49"

Sort inventory by item ID.
"1,BOOK,My Chosen Career,Daniel Peters,Non-Fiction,212-217237718-7,2.49"
"2,CD,Born Free,Sam Jones,Non-Fiction,212-217237713-7,11.49"
"3,DVD,Java Easy,Adam Peterson,Science,212-217237711-7,7.49"

Sort inventory by item CATEGORY.
"1,BOOK,My Chosen Career,Daniel Peters,Non-Fiction,212-217237718-7,2.49"
"2,CD,Born Free,Sam Jones,Non-Fiction,212-217237713-7,11.49"
"3,DVD,Java Easy,Adam Peterson,Science,212-217237711-7,7.49"

Sort inventory by item AUTHOR.
"3,DVD,Java Easy,Adam Peterson,Science,212-217237711-7,7.49"
"1,BOOK,My Chosen Career,Daniel Peters,Non-Fiction,212-217237718-7,2.49"
"2,CD,Born Free,Sam Jones,Non-Fiction,212-217237713-7,11.49"

Sort inventory by item SUBJECT.
"1,BOOK,My Chosen Career,Daniel Peters,Non-Fiction,212-217237718-7,2.49"
"2,CD,Born Free,Sam Jones,Non-Fiction,212-217237713-7,11.49"
"3,DVD,Java Easy,Adam Peterson,Science,212-217237711-7,7.49"

Sort inventory by item ISBN.
"3,DVD,Java Easy,Adam Peterson,Science,212-217237711-7,7.49"
"2,CD,Born Free,Sam Jones,Non-Fiction,212-217237713-7,11.49"
"1,BOOK,My Chosen Career,Daniel Peters,Non-Fiction,212-217237718-7,2.49"

Sort inventory by item PRICE.
"1,BOOK,My Chosen Career,Daniel Peters,Non-Fiction,212-217237718-7,2.49"
"3,DVD,Java Easy,Adam Peterson,Science,212-217237711-7,7.49"
"2,CD,Born Free,Sam Jones,Non-Fiction,212-217237713-7,11.49"


	edu.neu.csye6200.Library.demo()...done!!!

    ******/

